Running the brute force algorithm n = 20000
Intersection at (80494, 17876) between (80482, 17876)-(80507, 17876) and (80494, 17862)-(80494, 17887)
Intersection at (86560, 1731) between (86540, 1731)-(86565, 1731) and (86560, 1718)-(86560, 1743)
Intersection at (45413, 2228) between (45398, 2228)-(45423, 2228) and (45413, 2224)-(45413, 2249)
Intersection at (47577, 73674) between (47576, 73674)-(47601, 73674) and (47577, 73666)-(47577, 73691)
Intersection at (72206, 94521) between (72200, 94521)-(72225, 94521) and (72206, 94519)-(72206, 94544)
Intersection at (11236, 64500) between (11231, 64500)-(11256, 64500) and (11236, 64496)-(11236, 64521)
Intersection at (60759, 81232) between (60750, 81232)-(60775, 81232) and (60759, 81218)-(60759, 81243)
Intersection at (68515, 90405) between (68505, 90405)-(68530, 90405) and (68515, 90404)-(68515, 90429)
Intersection at (61420, 34257) between (61404, 34257)-(61429, 34257) and (61420, 34240)-(61420, 34265)
Intersection at (38295, 96719) between (38277, 96719)-(38302, 96719) and (38295, 96697)-(38295, 96722)
Intersection at (93381, 78901) between (93361, 78901)-(93386, 78901) and (93381, 78880)-(93381, 78905)
Intersection at (84634, 91849) between (84611, 91849)-(84636, 91849) and (84634, 91831)-(84634, 91856)
Intersection at (73810, 6773) between (73805, 6773)-(73830, 6773) and (73810, 6754)-(73810, 6779)
Intersection at (33472, 539) between (33462, 539)-(33487, 539) and (33472, 517)-(33472, 542)
Intersection at (93067, 7908) between (93061, 7908)-(93086, 7908) and (93067, 7893)-(93067, 7918)
Intersection at (76407, 10108) between (76402, 10108)-(76427, 10108) and (76407, 10092)-(76407, 10117)
Intersection at (49922, 61021) between (49898, 61021)-(49923, 61021) and (49922, 61009)-(49922, 61034)
Intersection at (91994, 70206) between (91976, 70206)-(92001, 70206) and (91994, 70183)-(91994, 70208)
Intersection at (58867, 95173) between (58860, 95173)-(58885, 95173) and (58867, 95169)-(58867, 95194)
Intersection at (80626, 77277) between (80611, 77277)-(80636, 77277) and (80626, 77260)-(80626, 77285)
Intersection at (72528, 4458) between (72503, 4458)-(72528, 4458) and (72528, 4455)-(72528, 4480)
Brute force algorithm completed in 4592 ms

Running the optimized algorithm with n = 20000
Intersection at (38295, 96719) between (38295, 96697)-(38295, 96722) and (38277, 96719)-(38302, 96719)
Intersection at (58867, 95173) between (58867, 95169)-(58867, 95194) and (58860, 95173)-(58885, 95173)
Intersection at (72206, 94521) between (72206, 94519)-(72206, 94544) and (72200, 94521)-(72225, 94521)
Intersection at (84634, 91849) between (84634, 91831)-(84634, 91856) and (84611, 91849)-(84636, 91849)
Intersection at (68515, 90405) between (68515, 90404)-(68515, 90429) and (68505, 90405)-(68530, 90405)
Intersection at (60759, 81232) between (60759, 81218)-(60759, 81243) and (60750, 81232)-(60775, 81232)
Intersection at (93381, 78901) between (93381, 78880)-(93381, 78905) and (93361, 78901)-(93386, 78901)
Intersection at (80626, 77277) between (80626, 77260)-(80626, 77285) and (80611, 77277)-(80636, 77277)
Intersection at (47577, 73674) between (47577, 73666)-(47577, 73691) and (47576, 73674)-(47601, 73674)
Intersection at (91994, 70206) between (91994, 70183)-(91994, 70208) and (91976, 70206)-(92001, 70206)
Intersection at (11236, 64500) between (11236, 64496)-(11236, 64521) and (11231, 64500)-(11256, 64500)
Intersection at (49922, 61021) between (49922, 61009)-(49922, 61034) and (49898, 61021)-(49923, 61021)
Intersection at (61420, 34257) between (61420, 34240)-(61420, 34265) and (61404, 34257)-(61429, 34257)
Intersection at (80494, 17876) between (80494, 17862)-(80494, 17887) and (80482, 17876)-(80507, 17876)
Intersection at (76407, 10108) between (76407, 10092)-(76407, 10117) and (76402, 10108)-(76427, 10108)
Intersection at (93067, 7908) between (93067, 7893)-(93067, 7918) and (93061, 7908)-(93086, 7908)
Intersection at (73810, 6773) between (73810, 6754)-(73810, 6779) and (73805, 6773)-(73830, 6773)
Intersection at (72528, 4458) between (72528, 4455)-(72528, 4480) and (72503, 4458)-(72528, 4458)
Intersection at (45413, 2228) between (45413, 2224)-(45413, 2249) and (45398, 2228)-(45423, 2228)
Intersection at (86560, 1731) between (86560, 1718)-(86560, 1743) and (86540, 1731)-(86565, 1731)
Intersection at (33472, 539) between (33472, 517)-(33472, 542) and (33462, 539)-(33487, 539)
Optimized algorithm completed in 71 ms