Running the brute force algorithm n = 20000
Intersection at (20281, 18339) between (20265, 18339)-(20290, 18339) and (20281, 18314)-(20281, 18339)
Intersection at (70638, 56635) between (70618, 56635)-(70643, 56635) and (70638, 56614)-(70638, 56639)
Intersection at (78432, 83094) between (78431, 83094)-(78456, 83094) and (78432, 83076)-(78432, 83101)
Intersection at (95147, 36225) between (95132, 36225)-(95157, 36225) and (95147, 36213)-(95147, 36238)
Intersection at (14481, 37607) between (14476, 37607)-(14501, 37607) and (14481, 37590)-(14481, 37615)
Intersection at (51268, 97422) between (51252, 97422)-(51277, 97422) and (51268, 97406)-(51268, 97431)
Intersection at (71395, 37536) between (71395, 37536)-(71420, 37536) and (71395, 37515)-(71395, 37540)
Intersection at (7171, 8659) between (7158, 8659)-(7183, 8659) and (7171, 8649)-(7171, 8674)
Intersection at (93344, 56917) between (93342, 56917)-(93367, 56917) and (93344, 56896)-(93344, 56921)
Intersection at (78821, 67351) between (78805, 67351)-(78830, 67351) and (78821, 67329)-(78821, 67354)
Intersection at (31522, 8712) between (31507, 8712)-(31532, 8712) and (31522, 8698)-(31522, 8723)
Intersection at (3286, 33858) between (3264, 33858)-(3289, 33858) and (3286, 33833)-(3286, 33858)
Intersection at (19522, 85966) between (19518, 85966)-(19543, 85966) and (19522, 85963)-(19522, 85988)
Intersection at (2823, 36335) between (2820, 36335)-(2845, 36335) and (2823, 36320)-(2823, 36345)
Intersection at (6042, 89340) between (6031, 89340)-(6056, 89340) and (6042, 89334)-(6042, 89359)
Intersection at (35649, 29853) between (35643, 29853)-(35668, 29853) and (35649, 29849)-(35649, 29874)
Intersection at (27454, 24794) between (27430, 24794)-(27455, 24794) and (27454, 24784)-(27454, 24809)
Intersection at (68589, 80783) between (68581, 80783)-(68606, 80783) and (68589, 80773)-(68589, 80798)
Intersection at (37499, 8370) between (37488, 8370)-(37513, 8370) and (37499, 8357)-(37499, 8382)
Intersection at (13771, 67653) between (13766, 67653)-(13791, 67653) and (13771, 67628)-(13771, 67653)
Intersection at (74531, 19156) between (74511, 19156)-(74536, 19156) and (74531, 19131)-(74531, 19156)
Intersection at (58680, 66407) between (58659, 66407)-(58684, 66407) and (58680, 66402)-(58680, 66427)
Intersection at (53088, 10419) between (53087, 10419)-(53112, 10419) and (53088, 10410)-(53088, 10435)
Intersection at (67633, 25773) between (67631, 25773)-(67656, 25773) and (67633, 25757)-(67633, 25782)
Intersection at (5870, 29434) between (5870, 29434)-(5895, 29434) and (5870, 29423)-(5870, 29448)
Intersection at (4305, 78412) between (4294, 78412)-(4319, 78412) and (4305, 78388)-(4305, 78413)
Intersection at (70576, 83772) between (70560, 83772)-(70585, 83772) and (70576, 83761)-(70576, 83786)
Intersection at (20140, 15844) between (20139, 15844)-(20164, 15844) and (20140, 15838)-(20140, 15863)
Intersection at (98787, 43806) between (98766, 43806)-(98791, 43806) and (98787, 43799)-(98787, 43824)
Brute force algorithm completed in 4912 ms

Running the optimized algorithm with n = 20000
Intersection at (51268, 97422) between (51268, 97406)-(51268, 97431) and (51252, 97422)-(51277, 97422)
Intersection at (6042, 89340) between (6042, 89334)-(6042, 89359) and (6031, 89340)-(6056, 89340)
Intersection at (19522, 85966) between (19522, 85963)-(19522, 85988) and (19518, 85966)-(19543, 85966)
Intersection at (70576, 83772) between (70576, 83761)-(70576, 83786) and (70560, 83772)-(70585, 83772)
Intersection at (78432, 83094) between (78432, 83076)-(78432, 83101) and (78431, 83094)-(78456, 83094)
Intersection at (68589, 80783) between (68589, 80773)-(68589, 80798) and (68581, 80783)-(68606, 80783)
Intersection at (4305, 78412) between (4305, 78388)-(4305, 78413) and (4294, 78412)-(4319, 78412)
Intersection at (13771, 67653) between (13771, 67628)-(13771, 67653) and (13766, 67653)-(13791, 67653)
Intersection at (78821, 67351) between (78821, 67329)-(78821, 67354) and (78805, 67351)-(78830, 67351)
Intersection at (58680, 66407) between (58680, 66402)-(58680, 66427) and (58659, 66407)-(58684, 66407)
Intersection at (93344, 56917) between (93344, 56896)-(93344, 56921) and (93342, 56917)-(93367, 56917)
Intersection at (70638, 56635) between (70638, 56614)-(70638, 56639) and (70618, 56635)-(70643, 56635)
Intersection at (98787, 43806) between (98787, 43799)-(98787, 43824) and (98766, 43806)-(98791, 43806)
Intersection at (14481, 37607) between (14481, 37590)-(14481, 37615) and (14476, 37607)-(14501, 37607)
Intersection at (71395, 37536) between (71395, 37515)-(71395, 37540) and (71395, 37536)-(71420, 37536)
Intersection at (2823, 36335) between (2823, 36320)-(2823, 36345) and (2820, 36335)-(2845, 36335)
Intersection at (95147, 36225) between (95147, 36213)-(95147, 36238) and (95132, 36225)-(95157, 36225)
Intersection at (3286, 33858) between (3286, 33833)-(3286, 33858) and (3264, 33858)-(3289, 33858)
Intersection at (35649, 29853) between (35649, 29849)-(35649, 29874) and (35643, 29853)-(35668, 29853)
Intersection at (5870, 29434) between (5870, 29423)-(5870, 29448) and (5870, 29434)-(5895, 29434)
Intersection at (67633, 25773) between (67633, 25757)-(67633, 25782) and (67631, 25773)-(67656, 25773)
Intersection at (27454, 24794) between (27454, 24784)-(27454, 24809) and (27430, 24794)-(27455, 24794)
Intersection at (74531, 19156) between (74531, 19131)-(74531, 19156) and (74511, 19156)-(74536, 19156)
Intersection at (20281, 18339) between (20281, 18314)-(20281, 18339) and (20265, 18339)-(20290, 18339)
Intersection at (20140, 15844) between (20140, 15838)-(20140, 15863) and (20139, 15844)-(20164, 15844)
Intersection at (53088, 10419) between (53088, 10410)-(53088, 10435) and (53087, 10419)-(53112, 10419)
Intersection at (31522, 8712) between (31522, 8698)-(31522, 8723) and (31507, 8712)-(31532, 8712)
Intersection at (7171, 8659) between (7171, 8649)-(7171, 8674) and (7158, 8659)-(7183, 8659)
Intersection at (37499, 8370) between (37499, 8357)-(37499, 8382) and (37488, 8370)-(37513, 8370)
Optimized algorithm completed in 71 ms