Running the brute force algorithm with 20000 lines. 
Intersection at (37327, 78214) between (37312, 78214)-(37337, 78214) and (37327, 78199)-(37327, 78224)
Intersection at (88491, 43154) between (88473, 43154)-(88498, 43154) and (88491, 43138)-(88491, 43163)
Intersection at (60293, 37788) between (60287, 37788)-(60312, 37788) and (60293, 37777)-(60293, 37802)
Intersection at (24026, 42795) between (24019, 42795)-(24044, 42795) and (24026, 42786)-(24026, 42811)
Intersection at (21818, 24515) between (21816, 24515)-(21841, 24515) and (21818, 24510)-(21818, 24535)
Intersection at (52214, 36807) between (52207, 36807)-(52232, 36807) and (52214, 36788)-(52214, 36813)
Intersection at (96954, 23734) between (96944, 23734)-(96969, 23734) and (96954, 23714)-(96954, 23739)
Intersection at (16835, 19197) between (16827, 19197)-(16852, 19197) and (16835, 19183)-(16835, 19208)
Brute force algorithm completed in 7750 ms

Running the optimized algorithm with 20000 lines. 
Intersection at (37327, 78214) between (37327, 78199)-(37327, 78224) and (37312, 78214)-(37337, 78214)
Intersection at (88491, 43154) between (88491, 43138)-(88491, 43163) and (88473, 43154)-(88498, 43154)
Intersection at (24026, 42795) between (24026, 42786)-(24026, 42811) and (24019, 42795)-(24044, 42795)
Intersection at (60293, 37788) between (60293, 37777)-(60293, 37802) and (60287, 37788)-(60312, 37788)
Intersection at (52214, 36807) between (52214, 36788)-(52214, 36813) and (52207, 36807)-(52232, 36807)
Intersection at (21818, 24515) between (21818, 24510)-(21818, 24535) and (21816, 24515)-(21841, 24515)
Intersection at (96954, 23734) between (96954, 23714)-(96954, 23739) and (96944, 23734)-(96969, 23734)
Intersection at (16835, 19197) between (16835, 19183)-(16835, 19208) and (16827, 19197)-(16852, 19197)
Optimized algorithm completed in 125 ms
